Tab: {0.7853981633974483, 1, 1}
Tba: {-0.7853981633974483, -1.414213562373095, -1.1102230246251565e-16}
Tbc: {-0.7853981633974483, 2, 0}
Tcb: {0.7853981633974483, -1.4142135623730951, -1.414213562373095}
Tac: {0, 2.414213562373095, 2.414213562373095}
Tca: {-0, -2.414213562373095, -2.414213562373095}

p_a: (-2, -1)
p_b: (-3.5355339059327378, 0.7071067811865472)
p_c: (-4.414213562373095, -3.414213562373095)

v_a: [-1.27279, 1.55563]
v_c: [-1.27279, 1.55563]

